0,0.4165391922,4.46769263379,162.955627441,114.38105011
5,1.18290805817,4.48734142167,162.745864868,115.297325134
10,1.84431099892,4.54614928122,163.39125061,114.290977478
15,2.52040719986,4.62500879628,160.917022705,114.722038269
20,3.15254020691,4.63048621059,160.931167603,114.722358704
25,3.80321216583,4.63334607254,162.378372192,114.925193787
30,4.47083115578,4.60129276485,162.043930054,114.640052795
35,5.15300011635,4.56353481754,162.754837036,115.147438049
40,5.7787771225,4.54943014725,162.801803589,115.159736633
45,6.39506816864,4.79511268064,161.924880981,114.557350159
50,7.03308320045,4.65449642406,161.59046936,115.004440308
55,7.68285512924,4.88442547944,162.131225586,114.241569519
60,8.325548172,4.89708134826,162.125518799,114.220970154
65,9.00453019142,5.26744018465,160.11555481,114.418266296
70,9.59443902969,4.75201876136,161.599456787,115.116645813
75,10.1993610859,4.62168462881,163.242462158,114.446838379
80,10.7943620682,1.01832991719,163.197418213,114.410369873
85,11.4112150669,4.67762146849,163.121749878,114.509254456
90,12.0224750042,4.69506766176,164.730865479,113.899131775
95,12.6708710194,4.85758931532,163.586090088,114.644691467
100,13.3062140942,4.82306093812,163.202163696,113.990867615
105,13.9502990246,4.68306357674,162.853240967,113.340248108
110,14.5923399925,4.66312571577,163.167663574,112.762123108
115,15.2603030205,4.73044714299,164.120605469,113.585914612
120,15.9208521843,4.48547244342,162.933029175,113.877555847
125,16.5905179977,4.4778509452,162.642272949,113.905006409
130,17.2760791779,4.58838926731,163.037216187,113.737159729
135,17.9656441212,4.58921386179,163.660583496,113.157821655
140,18.6466050148,4.59400675066,164.190658569,112.920425415
145,19.3365221024,4.58658937183,164.207901001,112.923660278
150,20.0006370544,4.7763462539,163.348571777,113.299621582
155,20.6880362034,4.70610635198,161.632446289,113.881896973
160,21.3776021004,4.64653098638,162.535003662,113.859924316
165,22.0657520294,4.64394596391,162.52696228,113.851104736
170,22.7835621834,4.6946426868,162.667510986,113.529190063
175,23.3911681175,4.7684525228,163.061233521,113.995826721
180,24.005423069,4.65777316001,165.283966064,113.53288269
185,24.6119811535,4.62684539717,165.2865448,113.541175842
190,25.220252037,4.90908382037,164.10824585,113.879524231
195,25.8556990623,4.61840101473,163.346908569,113.688476562
200,26.4812440872,4.89492699293,161.510147095,114.383842468
205,27.102820158,4.89492699293,161.510147095,114.383842468
210,27.7303922176,4.70322776,163.031814575,113.501647949
215,28.3521881104,4.56016179151,164.117996216,112.908706665
220,28.9896550179,4.61466187887,163.085571289,112.786125183
225,29.6155130863,4.51848104384,163.380371094,113.261489868
230,30.242754221,4.51995694582,163.852111816,114.357192993
235,30.8988850117,4.74552456862,164.243225098,114.144607544
240,31.5520341396,4.51561710853,163.851608276,113.218521118
245,32.201305151,4.5909219556,163.384613037,113.280853271
250,32.8499741554,4.65527822684,162.952301025,113.318717957
255,33.4952440262,4.56078037588,162.779754639,112.992630005
260,34.1336090565,4.73964806494,161.671615601,112.938491821
265,34.7868950367,4.89041569531,161.950012207,114.844192505
270,35.4147410393,5.16575962734,162.165145874,115.348190308
275,36.0901579857,4.86265818378,163.231460571,116.493606567
280,36.7352190018,4.79370229362,162.989089966,116.333213806
0,0.405949831009,4.46769263379,162.955627441,114.38105011
5,1.18032884598,4.48734142167,162.745864868,115.297325134
10,1.84144687653,4.54614928122,163.39125061,114.290977478
15,2.54194784164,4.62500879628,160.917022705,114.722038269
20,3.19519591331,4.63048621059,160.931167603,114.722358704
25,3.86619400978,4.63334607254,162.378372192,114.925193787
30,4.52711892128,4.60129276485,162.043930054,114.640052795
35,5.13208293915,4.56353481754,162.754837036,115.147438049
40,5.75510501862,4.54943014725,162.801803589,115.159736633
45,6.36485981941,4.79511268064,161.924880981,114.557350159
50,6.99822998047,4.65449642406,161.59046936,115.004440308
55,7.63747501373,4.88442547944,162.131225586,114.241569519
60,8.2866358757,4.89708134826,162.125518799,114.220970154
65,8.95013594627,5.26744018465,160.11555481,114.418266296
70,9.60060095787,4.75201876136,161.599456787,115.116645813
75,10.1949849129,4.62168462881,163.242462158,114.446838379
80,10.7853178978,1.01832991719,163.197418213,114.410369873
85,11.3922679424,4.67762146849,163.121749878,114.509254456
90,11.9987800121,4.69506766176,164.730865479,113.899131775
95,12.630977869,4.85758931532,163.586090088,114.644691467
100,13.268144846,4.82306093812,163.202163696,113.990867615
105,13.9029619694,4.68306357674,162.853240967,113.340248108
110,14.5357170105,4.66312571577,163.167663574,112.762123108
115,15.1888558865,4.73044714299,164.120605469,113.585914612
120,15.8433299065,4.48547244342,162.933029175,113.877555847
125,16.5003988743,4.4778509452,162.642272949,113.905006409
130,17.17877388,4.58838926731,163.037216187,113.737159729
135,17.8549389839,4.58921386179,163.660583496,113.157821655
140,18.5260999203,4.59400675066,164.190658569,112.920425415
145,19.2065520287,4.58658937183,164.207901001,112.923660278
150,19.8654978275,4.7763462539,163.348571777,113.299621582
155,20.520526886,4.70610635198,161.632446289,113.881896973
160,21.2081048489,4.64653098638,162.535003662,113.859924316
165,21.9017388821,4.64394596391,162.52696228,113.851104736
170,22.6239218712,4.6946426868,162.667510986,113.529190063
175,23.2455928326,4.7684525228,163.061233521,113.995826721
180,23.8683550358,4.65777316001,165.283966064,113.53288269
185,24.4946060181,4.62684539717,165.2865448,113.541175842
190,25.0994918346,4.90908382037,164.10824585,113.879524231
195,25.7767179012,4.61840101473,163.346908569,113.688476562
200,26.4248518944,4.89492699293,161.510147095,114.383842468
205,27.0714948177,4.89492699293,161.510147095,114.383842468
210,27.7169659138,4.70322776,163.031814575,113.501647949
215,28.3316869736,4.56016179151,164.117996216,112.908706665
220,28.9645628929,4.61466187887,163.085571289,112.786125183
225,29.5820930004,4.51848104384,163.380371094,113.261489868
230,30.2040379047,4.51995694582,163.852111816,114.357192993
235,30.8477749825,4.74552456862,164.243225098,114.144607544
240,31.4884078503,4.51561710853,163.851608276,113.218521118
245,32.1261258125,4.5909219556,163.384613037,113.280853271
250,32.7663018703,4.65527822684,162.952301025,113.318717957
255,33.4031789303,4.56078037588,162.779754639,112.992630005
260,34.0370719433,4.73964806494,161.671615601,112.938491821
265,34.6747059822,4.89041569531,161.950012207,114.844192505
270,35.2979588509,5.16575962734,162.165145874,115.348190308
275,35.9612510204,4.86265818378,163.231460571,116.493606567
280,36.6044700146,4.79370229362,162.989089966,116.333213806
0,0.229150056839,4.46769263379,162.955627441,114.38105011,-3.5248867433,2.74507757941,328.95746147,0.464225410365,-6.02541390602
5,0.331209897995,4.48734142167,162.745864868,115.297325134,3.5524153867,2.74163782345,330.062963416,-2.68275533575,-6.53506378132
10,0.426002025604,4.54614928122,163.39125061,114.290977478,2.92148983055,-3.48315524448,332.804899314,1.53924280077,-14.2319695642
15,0.513808012009,4.62500879628,160.917022705,114.722038269,3.70749929472,2.76498740419,320.463931537,0.0650476950416,-5.56316656625
20,0.604883909225,4.63048621059,160.931167603,114.722358704,3.71395543499,2.76549047609,320.223358287,3.20463155435,-5.53207261824
25,0.696381092072,4.63334607254,162.378372192,114.925193787,-3.62505448194,-2.88563265696,316.613476146,0.415701819009,-5.36399099909
30,0.791326999664,4.60129276485,162.043930054,114.640052795,3.48034524447,3.00983256796,320.240225483,3.63360116889,-6.32042735708
35,0.889210939407,4.56353481754,162.754837036,115.147438049,3.58205393734,2.8274970594,313.848454763,0.752800636236,-5.01017149152
40,0.992007017136,4.54943014725,162.801803589,115.159736633,3.57716808348,2.81090433263,313.931055105,0.756719497479,-4.86007427644
45,1.0905520916,4.79511268064,161.924880981,114.557350159,3.66838366844,3.08805227954,303.19548226,0.135605345918,-4.83465278639
50,1.18610191345,4.65449642406,161.59046936,115.004440308,3.46730013686,3.10518384682,303.431075172,0.224541265652,-4.24877024515
55,1.27763390541,4.88442547944,162.131225586,114.241569519,3.81027228463,3.05604930934,271.571829833,0.189748325607,-2.92988819882
60,1.36938595772,4.89708134826,162.125518799,114.220970154,3.80802853039,3.07901355034,271.393968917,0.170566793017,-3.01502381393
65,1.46450400352,5.26744018465,160.11555481,114.418266296,4.22387993444,3.14718356604,233.658671895,0.372402921057,-3.32284187457
70,1.55267000198,4.75201876136,161.599456787,115.116645813,3.63724217133,3.05812878987,272.820335534,0.593596917797,-1.21895938159
75,1.64450097084,4.62168462881,163.242462158,114.446838379,3.50009299579,3.01816464578,291.999515727,0.283027124463,-2.98554752672
80,1.71046996117,1.01832991719,163.197418213,114.410369873,1.01823910141,0.0135997276096,164.64078465,0.0,70.2734382165
85,1.80304908752,4.67762146849,163.121749878,114.509254456,-3.42445706805,-3.18641434713,307.194077453,0.311431998816,-4.77724823699
90,1.89276504517,4.69506766176,164.730865479,113.899131775,3.49839629571,3.13127509278,297.738339591,-0.245778254988,-3.82198474263
95,1.9853579998,4.85758931532,163.586090088,114.644691467,3.13923736827,3.70693440757,286.382152447,-0.924149788785,-4.04261925767
100,2.07846999168,4.82306093812,163.202163696,113.990867615,3.17657834817,3.62922399567,290.886666193,-0.504983535803,-4.30929608142
105,2.17831802368,4.68306357674,162.853240967,113.340248108,2.99358318874,3.60132533325,303.565039524,-0.305821934297,-4.32473496147
110,2.27755999565,4.66312571577,163.167663574,112.762123108,3.07668760643,3.50410256892,312.894199465,-0.422661047905,-5.24285180629
115,2.37431097031,4.73044714299,164.120605469,113.585914612,3.09891383002,3.57405417512,318.394639901,1.99478905018,-6.33754277419
120,2.47827601433,4.48547244342,162.933029175,113.877555847,3.05846737625,3.28104257045,318.878962983,-4.84947203405,-5.00238864619
125,2.58495688438,4.4778509452,162.642272949,113.905006409,-2.9975964072,-3.32649438102,320.530859038,5.4097201654,-5.19164187115
130,2.68816995621,4.58838926731,163.037216187,113.737159729,3.55204489376,2.90452976247,313.951116424,0.0326049542588,-4.63508418266
135,2.79887104034,4.58921386179,163.660583496,113.157821655,3.21082993132,3.27894114332,322.834253013,-0.901249730792,-5.92207781514
140,2.90518903732,4.59400675066,164.190658569,112.920425415,3.51673045932,2.95592707988,325.362726621,-0.0298910709435,-5.94266819698
145,3.00491690636,4.58658937183,164.207901001,112.923660278,3.5115444371,2.95056905225,326.88417623,3.12345841474,-6.18157239669
150,3.10485100746,4.7763462539,163.348571777,113.299621582,3.8443336247,2.83453391568,311.607964889,0.481419685342,-5.66829722494
155,3.20166301727,4.70610635198,161.632446289,113.881896973,3.59653851737,3.0351849514,305.143189287,0.118216140846,-4.09193193464
160,3.30816888809,4.64653098638,162.535003662,113.859924316,3.50149283196,3.05447182916,322.705080326,0.437466650296,-6.14557868207
165,3.40889787674,4.64394596391,162.52696228,113.851104736,3.49631774519,3.05646795181,323.282941796,0.430008585013,-6.05407333751
170,3.5412530899,4.6946426868,162.667510986,113.529190063,3.45635285423,-3.1769946339,330.385374709,0.433394795468,-14.2694268635
175,3.63824701309,4.7684525228,163.061233521,113.995826721,3.80393328214,2.87545318988,319.021524833,0.136549798624,-5.9106564252
180,3.74144387245,4.65777316001,165.283966064,113.53288269,3.45567316561,3.12300716979,318.411449793,0.259747245807,-6.64803113021
185,3.83785200119,4.62684539717,165.2865448,113.541175842,3.4305657761,3.10466049435,318.436580309,0.26009703524,-6.21170260462
190,3.93462991714,4.90908382037,164.10824585,113.879524231,3.87389632939,3.01529951822,307.258791287,0.288699081081,-6.09195443154
195,4.03472590446,4.61840101473,163.346908569,113.688476562,3.47205731923,3.04539749538,315.560332532,0.293744510493,-5.16873061273
200,4.13085389137,4.89492699293,161.510147095,114.383842468,3.89607259332,2.96326316984,295.328600633,0.248101124672,-4.44868553788
205,4.22691488266,4.89492699293,161.510147095,114.383842468,3.89607259332,2.96326316984,295.328600633,0.248101124672,-4.44868553788
210,4.32608294487,4.70322776,163.031814575,113.501647949,3.6364396683,2.98272658842,308.114103611,0.277827994128,-4.83118218386
215,4.42038106918,4.56016179151,164.117996216,112.908706665,-3.41670595591,-3.02013178116,313.648354792,-0.105928266506,-4.97943627075
220,4.5303030014,4.61466187887,163.085571289,112.786125183,3.5803581638,2.91138105977,322.078175226,0.22623650883,-5.53377340274
225,4.62956309319,4.51848104384,163.380371094,113.261489868,3.47771224898,2.88482035088,308.538931757,0.145218944479,-4.72642434854
230,4.72894287109,4.51995694582,163.852111816,114.357192993,3.31944208146,3.06778667119,318.190229996,-0.0779502461312,-5.63429261617
235,4.82518696785,4.74552456862,164.243225098,114.144607544,3.77084581178,2.88109793225,301.466901994,0.159622469153,-4.25555592812
240,4.92471790314,4.51561710853,163.851608276,113.218521118,3.4411884733,2.92387068149,316.250037131,-0.232663629607,-5.03674999584
245,5.02442193031,4.5909219556,163.384613037,113.280853271,3.40392603786,3.08056032747,314.20472494,-0.248560904288,-5.86283077299
250,5.12405586243,4.65527822684,162.952301025,113.318717957,-3.24419526307,3.33868424148,317.222838423,0.52393141759,-6.08150615471
255,5.22389101982,4.56078037588,162.779754639,112.992630005,-3.39711852392,-3.04307465755,317.815349404,0.153671809064,-5.17040807407
260,5.32073187828,4.73964806494,161.671615601,112.938491821,3.57395556058,3.11305403591,285.980820801,10.0979614678,-3.45733786158
265,5.41828894615,4.89041569531,161.950012207,114.844192505,3.6471647673,3.25796789934,220.664742314,-15.1941756386,-2.72992738892
270,5.50409388542,5.16575962734,162.165145874,115.348190308,3.54992842051,3.75274309495,231.423740905,-0.462526607144,-4.23102792166
275,5.59638905525,4.86265818378,163.231460571,116.493606567,3.02696787149,3.8056418798,278.470356543,8.34616955528,-3.28833046979
280,5.68150806427,4.79370229362,162.989089966,116.333213806,3.43398399384,3.3447474658,254.157527678,0.683541663712,-0.712124850837
